101

wir Fridreieh von 3616 316161 11611 116111 36161666 16
(11111633 611 1111 161 36161 6611611 3611611 1666116 16136161
61161161 mit dem 61161111 111 61111 allo 161, di nun 161611
111 1611661 6111111111 6111, 166 wir 1111 1616111611 1611 1111111
1611616611611 111111 161 1611, 16 wir 66 mit recht 1161 36111

ιι 11161161, 36661611 und geben haben 111166161161161111111
‘ 1116116131611113361163616361 in 1611116116618611111161-

hart und der 6611 6611 6111161 und 6111161 66111161 6611. 1111
161661161 1611 phunt phenning 66161161 36161161 und 36161611
1611616116 1611111616161 aus (161 6111)1 16111 661111113 phen-

ς 1113 16 161 mess 6611611 161161, 1661166111666166161166

611611 und 6161611 11611, 61666)1 61111161616811361 161Τ16161-

5 pekch 1111161161 36611111 161, 611 11161 1111111611113 schol

1161 1616161 611 36161 616161161361611616111311 di 311·
611163, 1161 di 1611316161161, und 16 661611161 161 6161161161
611 611136 116611 und 161 66161 [1111161 161 1611661161 16136

a 161161 61161 1131616161 16611111163, 611111161616166111·

1113 [11611113 66161 man 6161 36161 11 1131611163116 66161

, 1161 11 61616161 161 6161161161 zu 1611 3161 in der 611166

1166161 und di 66111161 dapey prinnen 1161161 161 16161163
und di schol 1161 1611 1611661 66161161 6166 36161. 1111 11611
61161611161161611631616161616116116111 61161 611111, 66

,Ι 66161 man 1611 116661161 61616161 6116111161 pey 161 par
’ 111 di 1111361 11611 phunt phenning 66111161 36161161 zu 166

636161161 6111 11161616 166116161166161 161163. Ι)611 66161
mon 66 16161 pogen, 11611 sein 161163161, 1661661166 mit der
vigily und des 11613616 mit 161 1166661 und 11 636161161
61616161 66161 man dapey prinnen, 1161 166 di mess 111 sind.

³ Und 11611 1111 6136161161 abpt Fridreich 61361 und 11611
, 616611, 66 66111161 uns di 6136161161 11611 phunt 1611 36·
’ 161161 und 16 6616111111 uns 6161611611611631616116361

166 1661166 mit 161 vigily und 166 11613616 mit 1611166661
in 61161 161 1661161, 616 1161166161361611616111111161616
166116161166161 161163 116361, 616 1613666111161161. 111111
6161, 166 16161 1611 1616611111 6161161616361 1166111, 616 161

1 3666111161 6161, 616 6111161 1111, 66 111161 die 16111 161161161
, 111 1611161 611611 613166616111111611113611 di 66161 man

1611 36161 in 166 611161 161 611161 1611161. Und 1611161
36161, wir 161 11161 16 611611 116161 1161111161613666111161

6661 161613611 mit 11661 661161 61161361161 11613611, Der
⁴5*

 

